node_id label_id
1 0
2 1
3 1
4 0
5 1
6 1
7 2
8 2
9 2
10 1
11 1
12 0
13 2
14 2
15 2
16 0
17 2
18 1
19 0
20 1
21 1
22 1
23 0
24 1
25 0
26 0
27 1
28 1
29 0
30 2
31 2
32 1
33 1
34 1
35 1
36 1
37 0
38 2
39 0
40 2
41 1
42 0
43 2
44 0
45 0
46 1
47 1
48 1
49 1
50 1
51 1
52 2
53 2
54 2
55 0
56 0
57 1
58 1
59 1
60 1
61 0
62 1
63 1
64 1
65 2
66 1
67 0
68 0
69 2
70 0
71 2
72 2
73 2
74 1
75 2
76 1
77 2
78 0
79 1
80 1
81 1
82 0
83 1
84 1
85 1
86 1
87 1
88 1
89 1
90 1
91 0
92 1
93 1
94 2
95 1
96 1
97 1
98 1
99 1
100 1
101 1
102 1
103 1
104 1
105 1
106 1
107 1
108 1
109 1
110 1
111 1
112 2
113 2
114 1
115 1
116 1
117 1
118 1
119 0
120 1
121 1
122 2
123 1
124 1
125 1
126 1
127 1
128 2
129 0
130 1
131 1
132 1
133 2
134 1
135 2
136 1
137 1
138 1
139 2
140 1
141 1
142 1
143 0
144 1
145 1
146 0
147 1
148 1
149 1
150 1
151 1
152 1
153 1
154 1
155 1
156 1
157 0
158 1
159 1
160 0
161 0
162 1
163 1
164 1
165 1
166 1
167 1
168 1
169 1
170 1
171 1
172 2
173 2
174 2
175 1
176 0
177 1
178 1
179 1
180 0
181 2
182 2
183 2
184 1
185 1
186 0
187 0
188 0
189 0
190 0
191 1
192 1
193 0
194 1
195 1
196 0
197 1
198 2
199 1
200 1
201 1
202 1
203 0
204 2
205 2
206 1
207 1
208 2
209 1
210 1
211 0
212 2
213 2
214 1
215 1
216 2
217 0
218 1
219 2